data dimension: 
 (656, 961)
Got matrices
BPR
--------------------------------
SBPR1
--------------------------------
SBPR2
--------------------------------
RandomRanking
--------------------------------
MostPopular
--------------------------------
{'BPR': [0.052204053973553655, 0.06304582743541981, 0.07253877945497059, 0.08311045601763786, 0.09574992599335513, 0.11003326115815075, 0.12187497786108539, 0.13573183233811334, 0.1468965214049126, 0.15847582294335072, 0.16865723146481967, 0.17944183006744846, 0.19322132711588483, 0.20370990727021968, 0.21475427131749053, 0.22776564426783327, 0.23897216562627324, 0.25135212486721475, 0.26221672784099925, 0.27279534938454625, 0.28361071826389667, 0.2929341260982535, 0.3022363178286372, 0.3130820779997792, 0.3229122861613451, 0.3317304338488329, 0.34107262869675326, 0.3529931214592128, 0.36197725290904237, 0.37263695684343123, 0.3809701591980421, 0.3899481081883617, 0.398938407992025, 0.4093284674709365, 0.4169386116256628, 0.42578263437392455, 0.4343176820728615, 0.4425078089054321, 0.44920472804476663, 0.45523691647719183, 0.4613118793469328, 0.4700406733148911, 0.4766678632634824, 0.48353992164207293, 0.489905016460804, 0.4946122862404823, 0.49978635295577145, 0.5044864319468568, 0.5084550558774059, 0.5143418922631112, 0.5183510809732387, 0.5228204189847738, 0.5276863975482953, 0.5325239520018458, 0.5352459975383514, 0.5379642692733914, 0.5422134001451397, 0.5446584876158299, 0.5481135946686251, 0.551937537917111, 0.554482934593605, 0.5586141448890682, 0.5612774728382194, 0.5649429708186384, 0.5687239544014515, 0.5720924114025377, 0.5757296378370749, 0.5775932262602491, 0.5806003717530476, 0.5823097948916869, 0.5847100713569174, 0.5869406796016935, 0.5895448081966755, 0.5921427176808525, 0.5946732310783629, 0.5971670888466111, 0.6007198248430791, 0.602730568164798, 0.6055637080939744, 0.6077054708874141, 0.6088926782007648, 0.6113277325603619, 0.6132730518075103, 0.6153602545222099, 0.6174913382081715, 0.618762268328187, 0.6212543770526819, 0.6234347697676746, 0.6251816290051067, 0.6272080341717557, 0.6286038533158329, 0.6308365630180546, 0.6333825950978335, 0.6350276281643605, 0.6374957390832056, 0.6393864751679201], 'SBPR1': [0.12489642335053767, 0.1479350886559192, 0.17128781458027126, 0.1934124268148292, 0.211247710451044, 0.23026164805688584, 0.24763969274781147, 0.26360229332717, 0.28245791448427926, 0.3014108283437636, 0.3163484676477395, 0.3319183418060002, 0.3507601015356904, 0.36569117492277653, 0.3800522218319725, 0.3958506145772741, 0.4092659555433502, 0.4215344799000166, 0.4353746084227072, 0.4485697184399918, 0.46183503091922196, 0.47495574070218183, 0.48756587802510953, 0.49966135534966705, 0.5119880058242139, 0.5234714143361737, 0.5335296999209099, 0.5435972768294083, 0.5545692496531607, 0.5645282206071802, 0.5745248435050951, 0.5858402958538169, 0.5950325365444559, 0.6037442490735678, 0.6121498542631785, 0.6217427443465373, 0.6312211341579326, 0.638331037279043, 0.6454616423703408, 0.6521310605235769, 0.6597862555266101, 0.6652785029748423, 0.670511693483302, 0.6760411527742618, 0.6818726966667646, 0.6865446778068574, 0.6885499589455338, 0.6912615205196897, 0.6953817914500082, 0.6973536911555392, 0.7003186612262081, 0.7030665921392545, 0.706087114684569, 0.7087944855755532, 0.7110733283562477, 0.7134013313369911, 0.7154689075450266, 0.7174303393353139, 0.718666696135695, 0.7212775324540275, 0.7232015829094953, 0.7240007879388833, 0.7264200796487809, 0.7279768004489885, 0.7292549430381067, 0.7311323294501602, 0.7330899056794303, 0.7345071281795613, 0.7370294981541283, 0.7387732849922887, 0.7395514981736159, 0.7409539011461718, 0.7412191203299782, 0.7424679940158663, 0.7442467465997745, 0.7456058354461472, 0.7472144276941174, 0.74882414112402, 0.7504002517511977, 0.7517358261091582, 0.7535745869418217, 0.7548565722913008, 0.7563028075648192, 0.757287492750104, 0.7587321009285403, 0.7600812052554651, 0.7609945635773602, 0.7616062944293334, 0.7623476504782039, 0.7634137730654501, 0.7647858231266246, 0.7657251957185036, 0.7676914068984398, 0.7684836491792938, 0.7702149736872972, 0.7711671212620546], 'SBPR2': [0.10105603568986876, 0.1227966289244451, 0.1428153013541539, 0.16306366711337025, 0.18432113631755545, 0.20110022585620546, 0.2173172605098757, 0.23273187586769256, 0.24853912239664605, 0.266125624120634, 0.2812825515947476, 0.2998468487342203, 0.31799632442034687, 0.3323363325344557, 0.3480452382799184, 0.365774708705673, 0.38215725166635545, 0.397364848011432, 0.4125495184015871, 0.42748349503110666, 0.44049302381692834, 0.45447893912816817, 0.4666951405080696, 0.4797629268094636, 0.4926654117297925, 0.5037894916713738, 0.5153239385477727, 0.527585037847764, 0.540027344494165, 0.5486475157218186, 0.559367360044742, 0.5689054475698465, 0.5772979738647752, 0.5861767881467037, 0.593748744246868, 0.6013475327063372, 0.6086824786375205, 0.6172107312654421, 0.624884641020643, 0.6310467630720066, 0.6389925680534728, 0.6443485131561721, 0.6507151112693838, 0.6543684806373907, 0.6570277735454605, 0.6603983051399116, 0.6634162634992964, 0.6655233303501269, 0.6673091416582052, 0.6703255728472737, 0.6719431663693461, 0.6740673100102583, 0.6779993573836167, 0.6807542894402275, 0.6829031032199729, 0.685390989919992, 0.687298139452738, 0.6903931081489988, 0.6919106300335144, 0.6940433605981285, 0.6951192875505801, 0.6966866976763293, 0.6976635675595836, 0.6999655021595365, 0.7023613650898404, 0.7047007444000386, 0.706279456169299, 0.7077344597108117, 0.7093152495470714, 0.7105194159590363, 0.7110419430593075, 0.713698686602135, 0.7150318571578664, 0.7174626933134669, 0.7184002212327021, 0.719952794630336, 0.7221443967795609, 0.7228030769591216, 0.7237870466209654, 0.7255193771657835, 0.726331134234745, 0.7278621785630455, 0.7287007976255843, 0.72977715594515, 0.7306312021783884, 0.7317789344346981, 0.7333320733911679, 0.7341037988404013, 0.7348200752807631, 0.7359477070751499, 0.7362880360598351, 0.7365683992675719, 0.7375628824266892, 0.7385424533157011, 0.7392573456244854, 0.7404408724491606], 'RandomRanking': [0.004439934705463109, 0.0057026899328769575, 0.0059079409705797, 0.005824624802187473, 0.004579010952774975, 0.004968124581191359, 0.006027678247128365, 0.005304381915159075, 0.004042016249825013, 0.00663609305089603, 0.006548695203673497, 0.003532817126630416, 0.005158592640608392, 0.006437236757998659, 0.006662613125460018, 0.006077217748165229, 0.004485455050630942, 0.005825303241427853, 0.00498452997590207, 0.006193878504502146, 0.006887707409442262, 0.004135343832415834, 0.006128486271677982, 0.003768032092810778, 0.005070736674831027, 0.003436980560283902, 0.004574563842086821, 0.005779203836267663, 0.0048688611925442075, 0.00449131734103318, 0.006083280701545822, 0.0051674436316407136, 0.004005382265444934, 0.005399962282794189, 0.004171379249044101, 0.0073483959169816145, 0.0051993540072765325, 0.0049858325123584, 0.006415082503131874, 0.005383335056418234, 0.0044478044938062195, 0.006739044997961567, 0.004899653867866815, 0.0037002047341533123, 0.005309918050017747, 0.006404657751059513, 0.0056921245761801425, 0.0059665087104970056, 0.005159446691106318, 0.005695826822261911, 0.004321280116861307, 0.004537135649673913, 0.004383590175437992, 0.0035480648045461693, 0.0053859661558936945, 0.0053630347001564415, 0.005796330920836556, 0.003821829658618218, 0.0031038729274461842, 0.0035198003025900923, 0.005295267318557486, 0.005774790376277004, 0.004887068907528978, 0.0033614498032436403, 0.004095029987159334, 0.004609569459799274, 0.0061301207575713635, 0.007219929941863226, 0.004798296871183075, 0.005483874914182998, 0.00600225580802101, 0.006183860505036062, 0.005696437861037523, 0.0046341172634325484, 0.006156295162823645, 0.005495349680671673, 0.004184759599401956, 0.005203008814569154, 0.0033755025598985514, 0.0060839944417056, 0.005245473232369613, 0.00570857732910661, 0.005065171157563822, 0.0050540946854228256, 0.006649329938134262, 0.006426560204154315, 0.005860860964634103, 0.004333533303047345, 0.0052186555936737525, 0.004590515663710498, 0.003587601562493689, 0.005587054582755181, 0.005916853118240126, 0.005540753858083439, 0.005142909381436851, 0.006518277039299209], 'MostPopular': [0.009435067044518939, 0.008708798636309655, 0.013766753101001457, 0.00999687858515579, 0.008111660281044384, 0.007650745333394935, 0.008158123131049529, 0.010557491125430033, 0.00980068185005061, 0.009101138945536864, 0.01010660447721751, 0.011706315420621992, 0.010288832378428453, 0.0064112370019642866, 0.009636935769614512, 0.008876986743246813, 0.009347370356581605, 0.01023979500006544, 0.00903511238859458, 0.00808390480768492, 0.010300594258303125, 0.00949285551345123, 0.009112717832049587, 0.011008255091648917, 0.00757052848665388, 0.010804965485058311, 0.010434724258055646, 0.008826119843105825, 0.009253086934096296, 0.01145069867920192, 0.008478010632102647, 0.00823798215190126, 0.007970728022024007, 0.010984730990929321, 0.010327927103867445, 0.00957529142340257, 0.00876063503941944, 0.010576247976348643, 0.010174781528359553, 0.008294743700419435, 0.009471493202285023, 0.008263025383393845, 0.008369808892612737, 0.009840768250402799, 0.007434220584604105, 0.011040203496515653, 0.01063182152066321, 0.005747536844367489, 0.008235610274382464, 0.010544806036273127, 0.008466361922731223, 0.011236933076826454, 0.009863830759254785, 0.006845740800563414, 0.007476344527163557, 0.009669437987857344, 0.009588445023120448, 0.011607028312986468, 0.01161860306696675, 0.008554541059848332, 0.00873231242407737, 0.010625155314698154, 0.010162140936192868, 0.011828050767710808, 0.008486401919653172, 0.00813621932643049, 0.008823244103166407, 0.00698947782012234, 0.008325279843419523, 0.008590108170781777, 0.00720682838163598, 0.008685917993118061, 0.009162150718906277, 0.008503672270779222, 0.010482800791762895, 0.009124062564499923, 0.010900662661086646, 0.008627599620996886, 0.009289707631038877, 0.00832308767860823, 0.0098049004875682, 0.009712399533761832, 0.008949058883116019, 0.009543971447269643, 0.009396157806272863, 0.01101512909928003, 0.006877025953781376, 0.011424183041888608, 0.008609713268730506, 0.010067583736636103, 0.009995010215543785, 0.010494673745902284, 0.009325895216622035, 0.007943124503097936, 0.007994355089981253, 0.010846824931913693]}
